3.283072048470898063e-01
1.814989724980691638e-02
2.129495830457470429e-01
1.318317447565030109e+00
2.942809625979861954e-01
3.567585384352496836e-01
1.124776244816761556e-01
-7.234097419925447810e-03
-7.241306567459496364e-03
2.295080533285264943e-02
6.638161015634620743e-02
-3.375155359885458756e-02
-6.865868690629903237e-02
-5.872270647364526142e-02
-6.853009763421262501e-02
-2.394431918387248115e-01
-1.513639540644504400e-01
-3.980812383880621974e-02
-9.682160152261309882e-02
-2.879687881812567629e-01
-2.032904143031022959e-01
-1.091516488205375029e-01
1.097443596994846227e-01
2.473054013877868870e-02
2.192605687396348979e-01
1.687601081557080218e-01
-6.239643802389609889e-02
2.296952084482782042e-01
-1.217772131081936021e-01
1.519903840772305059e-01
-2.700171652665191158e-02
-6.036976533372694076e-02
1.195887576704249139e-01
4.432837306560127866e-01
-1.250398394027829596e-01
-3.164855882169335111e-01
-2.101279447508500597e-01
-2.294891104583407851e-02
-1.318476244043464973e-01
-3.750141377649987562e-02
-2.680086133477670510e-02
2.696150785609235379e-01
-2.304848408243209135e-01
-1.495335247171274973e-01
-1.441431734819322852e-01
-1.716365614806111828e-01
-4.100263961692545561e-02
2.170862244526847451e-01
5.282102625075845576e-02
1.541854340828013037e-01
1.723580205178298907e-01
-9.258103399551963208e-02
-6.885937031530185715e-02
2.627414044552344730e-01
-5.488401641743024389e-02
-2.301025893061364458e-01
-3.120696019751856287e-01
-5.570651124401223425e-02
3.050361428838012645e-01
1.840102774267570948e-02
4.746018279573748638e-02
-1.232790853378685214e-01
-6.521116059258541542e-02
9.147557863448958770e-02
1.325750299749639278e-04
7.475195636189076176e-02
-7.052077121639674373e-02
-4.461197737689287512e-02
-1.663682995715230848e-03
-4.383041983822485305e-02
-6.047944114248146597e-02
-6.408767491421479834e-02
-6.178385116162073143e-02
9.309050111077790679e-02
-2.012550779002697521e-02
1.051148215713417844e-04
7.199991253695726956e-02
-3.041145294088333853e-02
-5.317110931070471698e-05
-4.168372920279619595e-04
-1.583012114050592889e-02
-5.897018709587317775e-02
2.848943363529616787e-02
1.292728835673742638e-01
-4.246663054671279830e-02
1.020522497960867081e-02
-2.602853252309242360e-02
-1.773068158893265911e-01
-6.928490334858751487e-02
5.385802888887798734e-02
1.117453542950821652e-02
1.381242882173408840e-04
4.497334684061347898e-03
-4.299165968185180223e-03
6.344939114424985593e-02
-7.237873334319973317e-02
-1.547692973876037097e-02
7.416650390839929496e-02
-7.072693113596047187e-02
-1.797584642513801179e-02
5.888619751763739946e-02
-4.457666827019862027e-02
4.554010052479530446e-02
1.829156292000653355e-02
-5.946461518495182313e-02
-2.156386399002414855e-02
